       Value   Percentile   TotalCount 1/(1-Percentile)

     659.000     0.000000           12         1.00
     670.000     0.100000         8982         1.11
     727.000     0.200000        13284         1.25
     734.000     0.300000        20105         1.43
     782.000     0.400000        26411         1.67
     814.000     0.500000        32809         2.00
     911.000     0.550000        36102         2.22
     937.000     0.600000        39347         2.50
    1038.000     0.650000        42689         2.86
    1050.000     0.700000        46590         3.33
    1056.000     0.750000        49205         4.00
    1118.000     0.775000        50792         4.44
    1183.000     0.800000        52439         5.00
    1218.000     0.825000        54133         5.71
    1252.000     0.850000        55712         6.67
    1345.000     0.875000        57353         8.00
    1377.000     0.887500        58176         8.89
    1393.000     0.900000        58992        10.00
    1428.000     0.912500        59825        11.43
    1520.000     0.925000        60629        13.33
    1549.000     0.937500        61622        16.00
    1550.000     0.943750        61989        17.78
    1552.000     0.950000        62437        20.00
    1554.000     0.956250        62962        22.86
    1556.000     0.962500        63101        26.67
    1578.000     0.968750        63522        32.00
    1585.000     0.971875        63703        35.56
    1606.000     0.975000        63899        40.00
    1629.000     0.978125        64114        45.71
    1640.000     0.981250        64328        53.33
    1648.000     0.984375        64523        64.00
    1652.000     0.985938        64622        71.11
    1662.000     0.987500        64716        80.00
    1727.000     0.989062        64820        91.43
    1772.000     0.990625        64921       106.67
    1810.000     0.992188        65029       128.00
    1820.000     0.992969        65076       142.22
    1833.000     0.993750        65130       160.00
    1849.000     0.994531        65180       182.86
    1871.000     0.995313        65229       213.33
    2083.000     0.996094        65281       256.00
    2095.000     0.996484        65306       284.44
    2109.000     0.996875        65331       320.00
    2171.000     0.997266        65358       365.71
    2323.000     0.997656        65382       426.67
    2441.000     0.998047        65411       512.00
    2451.000     0.998242        65423       568.89
    2503.000     0.998437        65433       640.00
    2599.000     0.998633        65446       731.43
    2633.000     0.998828        65460       853.33
    2735.000     0.999023        65472      1024.00
    2957.000     0.999121        65478      1137.78
    3259.000     0.999219        65484      1280.00
    3449.000     0.999316        65491      1462.86
    3519.000     0.999414        65497      1706.67
    3593.000     0.999512        65504      2048.00
    3675.000     0.999561        65507      2275.56
    3701.000     0.999609        65511      2560.00
    3709.000     0.999658        65513      2925.71
    3749.000     0.999707        65516      3413.33
    3807.000     0.999756        65520      4096.00
    3827.000     0.999780        65521      4551.11
    3905.000     0.999805        65523      5120.00
    3969.000     0.999829        65524      5851.43
    4151.000     0.999854        65526      6826.67
    5323.000     0.999878        65528      8192.00
    5323.000     0.999890        65528      9102.22
    5935.000     0.999902        65529     10240.00
    6287.000     0.999915        65530     11702.86
    6459.000     0.999927        65531     13653.33
    6859.000     0.999939        65532     16384.00
    6859.000     0.999945        65532     18204.44
    6859.000     0.999951        65532     20480.00
   10575.000     0.999957        65533     23405.71
   10575.000     0.999963        65533     27306.67
   12295.000     0.999969        65534     32768.00
   12295.000     0.999973        65534     36408.89
   12295.000     0.999976        65534     40960.00
   12295.000     0.999979        65534     46811.43
   12295.000     0.999982        65534     54613.33
   29535.000     0.999985        65535     65536.00
   29535.000     1.000000        65535          inf
#[Mean    =      954.517, StdDeviation   =      323.163]
#[Max     =    29535.000, Total count    =        65535]
#[Buckets =           22, SubBuckets     =         2048]
