       Value   Percentile   TotalCount 1/(1-Percentile)

    9215.000     0.000000            1         1.00
    9735.000     0.100000         6708         1.11
    9791.000     0.200000        13374         1.25
    9831.000     0.300000        19693         1.43
    9871.000     0.400000        26709         1.67
    9911.000     0.500000        34291         2.00
    9927.000     0.550000        37185         2.22
    9943.000     0.600000        40030         2.50
    9959.000     0.650000        42870         2.86
    9983.000     0.700000        46838         3.33
    9999.000     0.750000        49285         4.00
   10015.000     0.775000        51370         4.44
   10031.000     0.800000        53358         5.00
   10039.000     0.825000        54256         5.71
   10055.000     0.850000        55894         6.67
   10079.000     0.875000        57895         8.00
   10087.000     0.887500        58493         8.89
   10095.000     0.900000        59020        10.00
   10111.000     0.912500        59998        11.43
   10127.000     0.925000        60858        13.33
   10143.000     0.937500        61573        16.00
   10151.000     0.943750        61902        17.78
   10167.000     0.950000        62549        20.00
   10175.000     0.956250        62806        22.86
   10191.000     0.962500        63233        26.67
   10207.000     0.968750        63595        32.00
   10215.000     0.971875        63749        35.56
   10231.000     0.975000        64011        40.00
   10239.000     0.978125        64117        45.71
   10255.000     0.981250        64319        53.33
   10279.000     0.984375        64516        64.00
   10295.000     0.985938        64619        71.11
   10319.000     0.987500        64733        80.00
   10359.000     0.989062        64828        91.43
   10687.000     0.990625        64922       106.67
   15263.000     0.992188        65024       128.00
   15823.000     0.992969        65075       142.22
   18095.000     0.993750        65126       160.00
   20591.000     0.994531        65177       182.86
   21775.000     0.995313        65228       213.33
   22415.000     0.996094        65282       256.00
   22623.000     0.996484        65308       284.44
   22799.000     0.996875        65331       320.00
   23023.000     0.997266        65357       365.71
   23167.000     0.997656        65384       426.67
   23279.000     0.998047        65411       512.00
   23343.000     0.998242        65420       568.89
   23407.000     0.998437        65433       640.00
   23487.000     0.998633        65449       731.43
   23535.000     0.998828        65460       853.33
   23615.000     0.999023        65474      1024.00
   23647.000     0.999121        65478      1137.78
   23695.000     0.999219        65487      1280.00
   23759.000     0.999316        65492      1462.86
   23807.000     0.999414        65497      1706.67
   23967.000     0.999512        65504      2048.00
   23999.000     0.999561        65507      2275.56
   24031.000     0.999609        65510      2560.00
   24063.000     0.999658        65515      2925.71
   24095.000     0.999707        65516      3413.33
   24159.000     0.999756        65520      4096.00
   24175.000     0.999780        65522      4551.11
   24207.000     0.999805        65523      5120.00
   24223.000     0.999829        65525      5851.43
   24271.000     0.999854        65526      6826.67
   24351.000     0.999878        65528      8192.00
   24351.000     0.999890        65528      9102.22
   24639.000     0.999902        65529     10240.00
   24751.000     0.999915        65530     11702.86
   24847.000     0.999927        65531     13653.33
   25247.000     0.999939        65532     16384.00
   25247.000     0.999945        65532     18204.44
   25247.000     0.999951        65532     20480.00
   28191.000     0.999957        65533     23405.71
   28191.000     0.999963        65533     27306.67
   36127.000     0.999969        65534     32768.00
   36127.000     0.999973        65534     36408.89
   36127.000     0.999976        65534     40960.00
   36127.000     0.999979        65534     46811.43
   36127.000     0.999982        65534     54613.33
   39295.000     0.999985        65535     65536.00
   39295.000     1.000000        65535          inf
#[Mean    =    10001.541, StdDeviation   =     1051.715]
#[Max     =    39295.000, Total count    =        65535]
#[Buckets =           22, SubBuckets     =         2048]
