       Value   Percentile   TotalCount 1/(1-Percentile)

   11383.000     0.000000            1         1.00
   11719.000     0.100000         6984         1.11
   11767.000     0.200000        13175         1.25
   11807.000     0.300000        20200         1.43
   11839.000     0.400000        26613         1.67
   11871.000     0.500000        33322         2.00
   11887.000     0.550000        36631         2.22
   11903.000     0.600000        39852         2.50
   11919.000     0.650000        42846         2.86
   11943.000     0.700000        47126         3.33
   11959.000     0.750000        49783         4.00
   11967.000     0.775000        51053         4.44
   11983.000     0.800000        53283         5.00
   11991.000     0.825000        54287         5.71
   12007.000     0.850000        56028         6.67
   12023.000     0.875000        57589         8.00
   12031.000     0.887500        58238         8.89
   12047.000     0.900000        59373        10.00
   12055.000     0.912500        59890        11.43
   12071.000     0.925000        60688        13.33
   12095.000     0.937500        61645        16.00
   12103.000     0.943750        61898        17.78
   12119.000     0.950000        62328        20.00
   12135.000     0.956250        62670        22.86
   12167.000     0.962500        63202        26.67
   12191.000     0.968750        63539        32.00
   12207.000     0.971875        63730        35.56
   12223.000     0.975000        63899        40.00
   12247.000     0.978125        64106        45.71
   12279.000     0.981250        64332        53.33
   12311.000     0.984375        64520        64.00
   12335.000     0.985938        64637        71.11
   12367.000     0.987500        64738        80.00
   12431.000     0.989062        64825        91.43
   16703.000     0.990625        64921       106.67
   17471.000     0.992188        65025       128.00
   19375.000     0.992969        65075       142.22
   22111.000     0.993750        65126       160.00
   23087.000     0.994531        65177       182.86
   23615.000     0.995313        65228       213.33
   24239.000     0.996094        65280       256.00
   24511.000     0.996484        65305       284.44
   24735.000     0.996875        65331       320.00
   24927.000     0.997266        65356       365.71
   25311.000     0.997656        65383       426.67
   26079.000     0.998047        65408       512.00
   26431.000     0.998242        65422       568.89
   26575.000     0.998437        65433       640.00
   26735.000     0.998633        65447       731.43
   26831.000     0.998828        65459       853.33
   26991.000     0.999023        65475      1024.00
   27039.000     0.999121        65479      1137.78
   27119.000     0.999219        65484      1280.00
   27183.000     0.999316        65492      1462.86
   27231.000     0.999414        65498      1706.67
   27279.000     0.999512        65504      2048.00
   27311.000     0.999561        65507      2275.56
   27391.000     0.999609        65511      2560.00
   27439.000     0.999658        65513      2925.71
   27503.000     0.999707        65517      3413.33
   27599.000     0.999756        65520      4096.00
   27615.000     0.999780        65521      4551.11
   27695.000     0.999805        65523      5120.00
   27743.000     0.999829        65524      5851.43
   28175.000     0.999854        65526      6826.67
   28367.000     0.999878        65528      8192.00
   28367.000     0.999890        65528      9102.22
   29999.000     0.999902        65529     10240.00
   30751.000     0.999915        65530     11702.86
   37983.000     0.999927        65531     13653.33
   38047.000     0.999939        65532     16384.00
   38047.000     0.999945        65532     18204.44
   38047.000     0.999951        65532     20480.00
   40575.000     0.999957        65533     23405.71
   40575.000     0.999963        65533     27306.67
   61343.000     0.999969        65534     32768.00
   61343.000     0.999973        65534     36408.89
   61343.000     0.999976        65534     40960.00
   61343.000     0.999979        65534     46811.43
   61343.000     0.999982        65534     54613.33
   84927.000     0.999985        65535     65536.00
   84927.000     1.000000        65535          inf
#[Mean    =    11980.667, StdDeviation   =     1171.542]
#[Max     =    84927.000, Total count    =        65535]
#[Buckets =           22, SubBuckets     =         2048]
