       Value   Percentile   TotalCount 1/(1-Percentile)

    2729.000     0.000000            1         1.00
    4799.000     0.100000         6561         1.11
    7435.000     0.200000        13128         1.25
    7583.000     0.300000        19890         1.43
    7703.000     0.400000        26367         1.67
    7839.000     0.500000        32906         2.00
    7895.000     0.550000        36060         2.22
    7943.000     0.600000        39376         2.50
    7999.000     0.650000        42774         2.86
    8043.000     0.700000        45896         3.33
    8099.000     0.750000        49177         4.00
    8147.000     0.775000        50867         4.44
    8223.000     0.800000        52511         5.00
    8351.000     0.825000        54122         5.71
    8623.000     0.850000        55740         6.67
    9119.000     0.875000        57358         8.00
    9391.000     0.887500        58186         8.89
    9719.000     0.900000        59000        10.00
   10079.000     0.912500        59805        11.43
   10511.000     0.925000        60621        13.33
   11095.000     0.937500        61451        16.00
   11559.000     0.943750        61855        17.78
   11959.000     0.950000        62263        20.00
   12447.000     0.956250        62675        22.86
   12839.000     0.962500        63089        26.67
   13287.000     0.968750        63490        32.00
   13519.000     0.971875        63699        35.56
   13807.000     0.975000        63903        40.00
   14079.000     0.978125        64106        45.71
   14303.000     0.981250        64315        53.33
   14847.000     0.984375        64512        64.00
   15087.000     0.985938        64617        71.11
   15319.000     0.987500        64719        80.00
   15567.000     0.989062        64819        91.43
   16447.000     0.990625        64921       106.67
   17471.000     0.992188        65024       128.00
   19983.000     0.992969        65075       142.22
   33599.000     0.993750        65126       160.00
   37439.000     0.994531        65177       182.86
   38719.000     0.995313        65229       213.33
   40159.000     0.996094        65281       256.00
   40831.000     0.996484        65305       284.44
   41599.000     0.996875        65332       320.00
   42015.000     0.997266        65359       365.71
   42559.000     0.997656        65382       426.67
   43007.000     0.998047        65408       512.00
   43167.000     0.998242        65421       568.89
   43391.000     0.998437        65433       640.00
   43487.000     0.998633        65446       731.43
   43679.000     0.998828        65459       853.33
   43839.000     0.999023        65472      1024.00
   43935.000     0.999121        65478      1137.78
   44127.000     0.999219        65485      1280.00
   44255.000     0.999316        65491      1462.86
   44447.000     0.999414        65498      1706.67
   44671.000     0.999512        65504      2048.00
   44863.000     0.999561        65509      2275.56
   44895.000     0.999609        65512      2560.00
   44927.000     0.999658        65513      2925.71
   45055.000     0.999707        65519      3413.33
   45087.000     0.999756        65521      4096.00
   45087.000     0.999780        65521      4551.11
   45183.000     0.999805        65523      5120.00
   45215.000     0.999829        65524      5851.43
   45535.000     0.999854        65526      6826.67
   45695.000     0.999878        65528      8192.00
   45695.000     0.999890        65528      9102.22
   46015.000     0.999902        65529     10240.00
   46431.000     0.999915        65530     11702.86
   48255.000     0.999927        65531     13653.33
   50015.000     0.999939        65532     16384.00
   50015.000     0.999945        65532     18204.44
   50015.000     0.999951        65532     20480.00
   52351.000     0.999957        65533     23405.71
   52351.000     0.999963        65533     27306.67
   52991.000     0.999969        65534     32768.00
   52991.000     0.999973        65534     36408.89
   52991.000     0.999976        65534     40960.00
   52991.000     0.999979        65534     46811.43
   52991.000     0.999982        65534     54613.33
   75455.000     0.999985        65535     65536.00
   75455.000     1.000000        65535          inf
#[Mean    =     8014.532, StdDeviation   =     3311.891]
#[Max     =    75455.000, Total count    =        65535]
#[Buckets =           22, SubBuckets     =         2048]
