       Value   Percentile   TotalCount 1/(1-Percentile)

    3537.000     0.000000            1         1.00
    3741.000     0.100000         6747         1.11
    3775.000     0.200000        13681         1.25
    3799.000     0.300000        19989         1.43
    3821.000     0.400000        26426         1.67
    3843.000     0.500000        33330         2.00
    3853.000     0.550000        36177         2.22
    3865.000     0.600000        39727         2.50
    3875.000     0.650000        42637         2.86
    3889.000     0.700000        46096         3.33
    3903.000     0.750000        49367         4.00
    3911.000     0.775000        51020         4.44
    3919.000     0.800000        52564         5.00
    3929.000     0.825000        54163         5.71
    3939.000     0.850000        55760         6.67
    3953.000     0.875000        57532         8.00
    3959.000     0.887500        58276         8.89
    3967.000     0.900000        59148        10.00
    3975.000     0.912500        59897        11.43
    3985.000     0.925000        60695        13.33
    3995.000     0.937500        61473        16.00
    4003.000     0.943750        61957        17.78
    4009.000     0.950000        62271        20.00
    4019.000     0.956250        62759        22.86
    4027.000     0.962500        63101        26.67
    4039.000     0.968750        63535        32.00
    4047.000     0.971875        63756        35.56
    4053.000     0.975000        63914        40.00
    4063.000     0.978125        64125        45.71
    4073.000     0.981250        64314        53.33
    4089.000     0.984375        64522        64.00
    4099.000     0.985938        64630        71.11
    4111.000     0.987500        64726        80.00
    4127.000     0.989062        64837        91.43
    4151.000     0.990625        64922       106.67
    4203.000     0.992188        65029       128.00
    4275.000     0.992969        65075       142.22
    5739.000     0.993750        65126       160.00
    6771.000     0.994531        65177       182.86
    7595.000     0.995313        65229       213.33
    7971.000     0.996094        65280       256.00
    8091.000     0.996484        65305       284.44
    8223.000     0.996875        65331       320.00
    8375.000     0.997266        65356       365.71
    8487.000     0.997656        65383       426.67
    8591.000     0.998047        65409       512.00
    8647.000     0.998242        65425       568.89
    8671.000     0.998437        65433       640.00
    8735.000     0.998633        65447       731.43
    8807.000     0.998828        65460       853.33
    8895.000     0.999023        65473      1024.00
    8919.000     0.999121        65478      1137.78
    8935.000     0.999219        65484      1280.00
    9023.000     0.999316        65491      1462.86
    9055.000     0.999414        65497      1706.67
    9167.000     0.999512        65504      2048.00
    9207.000     0.999561        65507      2275.56
    9239.000     0.999609        65512      2560.00
    9247.000     0.999658        65513      2925.71
    9335.000     0.999707        65516      3413.33
    9471.000     0.999756        65520      4096.00
    9663.000     0.999780        65521      4551.11
   10183.000     0.999805        65523      5120.00
   10295.000     0.999829        65524      5851.43
   10839.000     0.999854        65526      6826.67
   13159.000     0.999878        65528      8192.00
   13159.000     0.999890        65528      9102.22
   14055.000     0.999902        65529     10240.00
   17423.000     0.999915        65530     11702.86
   24399.000     0.999927        65531     13653.33
   28271.000     0.999939        65532     16384.00
   28271.000     0.999945        65532     18204.44
   28271.000     0.999951        65532     20480.00
   42271.000     0.999957        65533     23405.71
   42271.000     0.999963        65533     27306.67
   53247.000     0.999969        65534     32768.00
   53247.000     0.999973        65534     36408.89
   53247.000     0.999976        65534     40960.00
   53247.000     0.999979        65534     46811.43
   53247.000     0.999982        65534     54613.33
   76031.000     0.999985        65535     65536.00
   76031.000     1.000000        65535          inf
#[Mean    =     3877.636, StdDeviation   =      530.471]
#[Max     =    76031.000, Total count    =        65535]
#[Buckets =           22, SubBuckets     =         2048]
