       Value   Percentile   TotalCount 1/(1-Percentile)

    3113.000     0.000000            1         1.00
    4911.000     0.100000         6572         1.11
    7431.000     0.200000        13132         1.25
    7571.000     0.300000        19884         1.43
    7683.000     0.400000        26266         1.67
    7807.000     0.500000        32783         2.00
    7871.000     0.550000        36138         2.22
    7923.000     0.600000        39382         2.50
    7967.000     0.650000        42644         2.86
    8011.000     0.700000        46115         3.33
    8063.000     0.750000        49211         4.00
    8091.000     0.775000        50808         4.44
    8115.000     0.800000        52588         5.00
    8135.000     0.825000        54282         5.71
    8155.000     0.850000        56001         6.67
    8179.000     0.875000        57582         8.00
    8191.000     0.887500        58384         8.89
    8207.000     0.900000        59464        10.00
    8215.000     0.912500        59995        11.43
    8231.000     0.925000        60875        13.33
    8247.000     0.937500        61572        16.00
    8255.000     0.943750        61851        17.78
    8271.000     0.950000        62355        20.00
    8287.000     0.956250        62778        22.86
    8303.000     0.962500        63101        26.67
    8335.000     0.968750        63574        32.00
    8351.000     0.971875        63738        35.56
    8375.000     0.975000        63933        40.00
    8399.000     0.978125        64175        45.71
    8415.000     0.981250        64316        53.33
    8447.000     0.984375        64523        64.00
    8479.000     0.985938        64620        71.11
    8559.000     0.987500        64717        80.00
    9183.000     0.989062        64819        91.43
   10079.000     0.990625        64921       106.67
   12047.000     0.992188        65024       128.00
   14487.000     0.992969        65075       142.22
   22543.000     0.993750        65127       160.00
   24127.000     0.994531        65178       182.86
   24863.000     0.995313        65228       213.33
   25711.000     0.996094        65280       256.00
   25999.000     0.996484        65307       284.44
   26175.000     0.996875        65331       320.00
   26351.000     0.997266        65357       365.71
   26543.000     0.997656        65382       426.67
   26719.000     0.998047        65409       512.00
   26847.000     0.998242        65420       568.89
   27135.000     0.998437        65433       640.00
   27295.000     0.998633        65446       731.43
   27471.000     0.998828        65459       853.33
   27647.000     0.999023        65473      1024.00
   27711.000     0.999121        65478      1137.78
   27903.000     0.999219        65485      1280.00
   27967.000     0.999316        65492      1462.86
   27999.000     0.999414        65497      1706.67
   28143.000     0.999512        65504      2048.00
   28207.000     0.999561        65508      2275.56
   28239.000     0.999609        65510      2560.00
   28303.000     0.999658        65513      2925.71
   28399.000     0.999707        65516      3413.33
   28559.000     0.999756        65520      4096.00
   28575.000     0.999780        65521      4551.11
   28639.000     0.999805        65523      5120.00
   28735.000     0.999829        65524      5851.43
   29103.000     0.999854        65526      6826.67
   29119.000     0.999878        65528      8192.00
   29119.000     0.999890        65528      9102.22
   29167.000     0.999902        65529     10240.00
   29215.000     0.999915        65530     11702.86
   30175.000     0.999927        65531     13653.33
   31199.000     0.999939        65532     16384.00
   31199.000     0.999945        65532     18204.44
   31199.000     0.999951        65532     20480.00
   31855.000     0.999957        65533     23405.71
   31855.000     0.999963        65533     27306.67
   47519.000     0.999969        65534     32768.00
   47519.000     0.999973        65534     36408.89
   47519.000     0.999976        65534     40960.00
   47519.000     0.999979        65534     46811.43
   47519.000     0.999982        65534     54613.33
   55743.000     0.999985        65535     65536.00
   55743.000     1.000000        65535          inf
#[Mean    =     7499.575, StdDeviation   =     1938.578]
#[Max     =    55743.000, Total count    =        65535]
#[Buckets =           22, SubBuckets     =         2048]
